version https://git-lfs.github.com/spec/v1
oid sha256:aa50a2f12f9b9bf527f058e6f198b1d75e42ec34e74427555032476d0fde1876
size 289
