version https://git-lfs.github.com/spec/v1
oid sha256:dce40fe53cfdf24db76e6129444ee92d2d3fa50f922cfdf9e623641b81621f82
size 723
