version https://git-lfs.github.com/spec/v1
oid sha256:04b24672cd2134f3c8751399c48861f0b20b713056f1a3200c50763d2e080a1e
size 703
