version https://git-lfs.github.com/spec/v1
oid sha256:b8e163ecdddc75deff0f14521a25a6ce932b2557f139096dcedca227345d7b21
size 376
