version https://git-lfs.github.com/spec/v1
oid sha256:753ddb98a40958d5aff74cd528ad76865bc696480aadf998a2b8128cdaa7d37b
size 4168
