version https://git-lfs.github.com/spec/v1
oid sha256:6bbb83a3d4fd5072cf64ffaaf8b325560c198719f21500f992dd8e7b48493f74
size 478
