version https://git-lfs.github.com/spec/v1
oid sha256:0641397aec283bb1df7986fce9a3628505b86447db4d4b931fd6d3c85511c103
size 4601
