version https://git-lfs.github.com/spec/v1
oid sha256:30116e4ae681c51011592bed879d6970a3706c09d62bffed29171ee08963a271
size 2035
