version https://git-lfs.github.com/spec/v1
oid sha256:4da5353dc9a453bbaa0cf3fce802598a9ff22924277d84a04647d474e0046ef6
size 284
