version https://git-lfs.github.com/spec/v1
oid sha256:2e45ce95f1e21f7f9928a8655b6d702b1ac7469b10a3bf105d2c25f60070a9e7
size 978
