version https://git-lfs.github.com/spec/v1
oid sha256:ac0256a0ce242843db57b9c8d8c3fef33c43072fb3dca9f3808ab6f5906dac6c
size 3182
